69
10 4
13 4
32 25
49 1
50 2
51 3
52 4
53 5
54 6
97 5
98 10

32 25
98 10
54 6
97 5
53 5
52 4
13 4
10 4
51 3
50 2
49 1
1	11	69	1
1	2	35	2
1	1	25	4
coding 32 4
2	2	10	5
coding 98 5
3	11	34	3
3	5	16	6
3	3	6	12
coding 54 12
4	5	10	13
4	4	5	26
coding 97 26
5	5	5	27
coding 53 27
6	11	18	7
6	7	8	14
6	6	4	28
coding 52 28
7	7	4	29
coding 13 29
8	11	10	15
8	8	4	30
coding 10 30
9	11	6	31
9	9	3	62
coding 51 62
10	11	3	63
10	10	2	126
coding 50 126
11	11	1	127
coding 49 127
hello4 0
hello5 0
hello12 0
hello26 0
hello27 0
hello28 0
hello29 0
hello30 0
hello62 0
hello126 0
hello127 0
